th = [
    -0.4104 -1.0318 -0.6223 1.5999 0.3400 1.1131 -0.3319
    -1.5414 -0.7797 1.1115 1.5608 -0.7342 1.2575 0.4731
    -0.8108 -1.1232 -0.0423 1.6262 0.0210 1.0682 -0.0736
    -1.3112 -1.0106 0.6847 1.5950 -0.3818 1.1241 0.2511
    -0.0601 -0.5700 -1.3503 1.5491 0.9863 1.3976 -0.7067
    -1.1010 -1.0931 0.3678 1.6165 -0.1883 1.0825 0.1032
    ]