0.660083 0.147263 -0.736340 -0.703765 -0.220622 -0.675006 -0.261912 0.963976 -0.041999 0.391590 -0.451596 0.288099

(1/norm(q))*

    0.9644    0.2601   -0.0434
   -0.0309   -0.0519   -0.9980
   -0.2619    0.9640   -0.0420


    0.9645    0.2602   -0.0434
   -0.0309   -0.0519   -0.9981
   -0.2619    0.9641   -0.0420


    0.9646    0.2602   -0.0434
   -0.0309   -0.0519   -0.9982
   -0.2620    0.9642   -0.0420

